theta0: 149911.87426596318
theta1: -0.9988354500242254