theta0: 8495.396858221207
theta1: -0.021408993867966217